-0.00486736193302691
-0.08410190907315647
-0.05853823144232765
-0.0868256199416517
-0.056867031573249814
-0.05270752315657237
-0.1303303006661491
-0.10364703519712527
-0.08955707941826586
-0.054924959696620694
-0.07551170005547003
-0.09732125702553059
-0.02238489231523035
-0.11947898380498509
-0.020694370517763704
-0.009104908764466312
-0.06358714675231414
-0.06373234202208468
-0.0741085761158658
-0.08803165519529774
-0.11287609099831021
-0.01913357298832552
-0.055033589405841674
-0.06756060384902866
-0.001642009571465467
-0.09617844805942481
-0.04865641125850118
-0.03609789855569214
-0.13109016423037662
-0.11317987421554958
-0.06903900792577168
-0.03258995816189081
-0.09068075471923229
-0.02699858270801833
-0.10293075678690058
-0.10044245730692089
-8.249450881620796E-4
-0.016970397824999324
-0.06000795861985425
-0.041056572040735276
-0.05956208973223938
-0.09912479423642201
-0.041097019068385934
-0.11273517443723868
-0.07173745721509674
-0.05443291874759685
-0.046371916815717534
-0.04360219051862747
-0.05010937080933709
-0.07423461063444298
-0.08008183200381724
-0.06977218581371165
-0.03426233697737365
-0.11751564689316753
-0.03429861014172453
-0.06240215824536431
-0.06495000917240688
-0.042307017559951456
-0.12287937262069165
-0.06432283798338621
-0.10554010641607435
-0.06947542853995328
-0.09538797102296485
-0.09800789173049247
-0.04976803510052924
-0.03484313281357092
-0.03025664533502846
-0.09473801035628267
-0.06618139533087868
-0.0531124224328517
-0.05343982330471608
-0.0740751643062471
-0.07208419994394102
-0.05748093529280709
-0.0735451360382591
-0.08398245422859557
-0.08744715377790072
-0.06806567047142437
-0.054236727744758934
-0.06240231417262626
-0.10072376500345234
-0.07235189381572732
-0.028930508065930133
-0.06604417376188583
-0.05037066459535099
-0.01294559429929368
-0.1097924355892255
-0.06139277261290447
-0.009987792455620944
-0.01915524713393622
-0.013489769149981236
-0.0868909375207443
-0.08012595630553919
-0.028432316978035433
-0.0742864449680831
-0.07929391244044219
-0.11378620814812204
-0.12068934184252797
-0.020333421037728106
-0.024979633375378958
-0.056168150601549977
-0.062085012180585715
-0.050309014763721925
-0.0472862379800262
-0.059609396511950546
-0.015452114529089565
-0.001355094864755657
-0.01892823274848123
-0.05961375690070833
-0.0965430909667057
-0.008210596098195496
-0.06826157110626774
-0.10653618412249467
-0.029768403284957473
-0.04559987924140632
-0.055762601880864356
-0.12390526772354314
-0.02014863146726692
-0.05491270034106144
-0.018884311916823986
-0.0583391239632328
-0.13906140834953923
-0.05753943009312748
-0.06835574075005049
-0.10539395711912122
-0.03476294925908994
-0.06428488495237099
-0.061217655400560005
-0.0690499548811691
-0.0537164927670504
-0.00970248872911975
-0.023961409267846616
-0.06991272051631774
-0.06925861018271144
-0.02975343766622723
-0.11610093298078512
-0.012191495377705924
-0.06774021599294919
-0.07947399215913088
-0.024559131086074288
-0.10038059115708002
-0.036271929991551294
-0.05835819404038133
-0.06916715246827215
-0.026208965458723053
-0.0013706896593502957
-0.11693022545967179
-0.11119678431888112
-0.11249838890796146
-0.08769141495531829
-0.04936046847056727
-0.06328945000204751
-0.08695011896851762
-0.04423505381332166
-0.11604128620309659
-0.08971380738237454
-0.07456363392936131
-0.10104298218461988
-0.08317452396524135
-0.0427681609228785
-0.11386513009570762
-0.05548556847439112
-0.05338148318353219
-0.03704480081104303
-0.0658701413642151
-0.03214814214080853
-0.01990838937437607
-0.053274975585207156
-0.10558575241169665
-0.03160313045509017
-0.05774628939549204
-0.10441748329513216
-0.11210080485679115
-0.05203112958011173
-0.0578156494606514
-0.07137052453244
-0.08572315297912392
-0.08566011588576933
-0.06365457947619658
-5.054842689963677E-4
-0.07336788205510805
-0.07706553014237086
-0.06626598975654212
-0.10309458659392139
-0.03582461684162194
-0.09554131303021633
-0.08951249482103654
-0.08245628494890822
-9.658178526988952E-5
-0.13128994685701517
-0.004827878103775956
-0.0916330564256289
-0.07325073263436778
-0.062099613862877774
-0.005346379905787991
-0.0979661828991039
-0.09939085813262499
-0.022146976571558383
-0.10604370308954567
-0.07365724988127141
-0.006864868581079864
-0.061623127798164624
-0.11420008168711027
-0.07539933708093755
-0.13686154816244273
-0.01355747467177351
-0.04140749477243742
-0.02092320191127194
-0.05811344210644446
-0.0821604082520376
-0.029568699745249862
0.001983402256834384
-0.052999252553182885
-0.08870156188961356
-0.047803955668367495
-0.08940887477053706
-0.030588560547634827
-0.08322050766767858
-0.13637191092894352
-0.06225002493490622
-0.04573437457747849
-0.06522126622129511
-0.0717297897171445
-0.026044120803512184
-0.07649587904264363
-0.10018589072743662
-0.07796827493179158
-0.032041210649759906
-0.05387369025806287
-0.0026931515201679065
-0.08077078738966167
-0.06309808541608108
-0.08261584143019536
-0.1260930657580917
-0.02067945209037449
-0.03587469073226971
-0.1057558178899633
-0.09188964088188359
-0.06021637584428452
-0.09300775082237843
-0.05505990572019994
-0.04803954410287237
-0.11141885547540571
-0.06740711344223134
-0.05545441384388457
-0.11034702810963526
-0.09922118651493284
-0.08406541952201792
-0.13078866731888403
-0.07838062837765306
-0.06339729655910709
-0.0681017561779976
-0.08562057365686519
-0.00657591755962879
-0.020275196445635715
-0.06683159363961207
0.024910469798281414
-0.016097052455946354
-0.06829759902044603
-0.08685832811351192
-0.061198428732135476
-0.09241669343496481
-0.04940167652346395
-0.1376689647263407
-0.06673785217720932
-0.02869816253957602
-0.07361820179047181
-0.07565310716158251
-0.07510772519158107
-0.08253958696176959
-0.11008280583644728
-0.05128785412428061
-0.06425994411229517
-0.002980410099668338
-0.0014952408169000189
-0.09173779436517324
-0.046594745013182774
-0.11216060341068344
-0.08571081389529132
-0.05391731994918551
-0.041553744150225995
-0.0721941426720714
-0.08840091220125061
-0.057712288489552024
-0.03491055317475709
-0.11176429173772352
-0.08420551522416349
-0.05938434528673138
-0.052603790732942184
-0.060840136066365604
-0.07160002360808912
-0.057830424813118696
-0.03849337356185735
-0.07305905353366121
-0.026169932669280013
-0.03612201841524489
-0.031472404622715756
-0.07222999820504737
-0.01806590115931519
-0.04119175623197914
-0.06088636241221948
-0.06996695970138234
-0.10887779322272734
-0.07771002471860562
-0.05402455319963331
-0.0626359426833371
-0.030074337080851596
-0.1315295265881811
-0.04122319717341721
-0.058832928615242114
-0.11186619047304817
-0.12633607570518157
-0.061961897966320026
-0.06999513604482777
-0.1274388595824281
-0.07056960326879633
-0.07561069582821672
-0.07151631677924952
-0.06286675353648463
-0.10842214523424958
-0.05698848073234521
-0.09056670211467799
-0.09642462593750026
-0.06024313167196542
-0.07669218769968958
-0.047925276596286634
-0.10610990914775402
-0.14216396656072625
-0.022188165997464242
-0.07407916121528985
-0.03165091344292408
-0.057866605475802683
-0.11229143490340915
-0.08542779927291881
-0.08867625266210578
-0.028215039588915303
-0.10216884626643065
-0.05775856592221582
-0.11013115339918003
-0.13742563673938205
-0.0807851354566876
-0.028009365641223114
-0.032817055727289546
-0.08348578062203152
-0.01398613701603433
-0.044976676851639315
-0.06755740015909817
-0.06913451603703952
-0.04533447800000951
-0.06770576954139125
-0.0821840597524768
-0.07230574145370797
-0.023233570296494397
-0.08563040906924595
-0.05140015116764887
-0.11282985075561913
-0.09457732635194045
-0.05002384305494261
-0.04224966000859902
-0.1286150532050371
-0.07868368996829254
-0.1248046000355151
-0.07678243012912306
-0.07872527778853804
-0.10094897867569338
-0.08415282025039167
-0.08305771052889195
-0.07015830790852759
-0.10975946798056332
-0.08486413679955424
-0.04207218913999803
-0.0863495261797526
-0.07720978383315923
-0.05748177624798147
-0.04092494881504792
-0.016037199842288023
-0.07239200961100711
-0.05902323423955416
-0.06415396721050297
-0.07762354287033128
-0.0855046981479236
-0.12874986350898016
-0.08499997144672058
-0.07696391205012575
-0.12046959498543011
-0.027197973497735204
-0.0913621395978263
-0.03205522027663965
-0.06344291188525453
-0.04376988457734472
-0.10290123405172343
-0.07829070189346021
-0.13027911525246486
-0.10076818824932275
-0.027134327874426736
-0.0453120988144671
-0.05671179819821409
-0.1094968143234665
-0.07895431818561127
-0.11446338508886116
-0.12203942294465205
-0.02336198207263484
-0.03240224284829731
-0.056725420874158224
-0.06703660161173404
-0.07224304296607119
-0.15518317028121303
-0.13016393480376018
-0.024746405259644798
-0.09383455740810735
-0.06110496755764379
-0.09199765202624509
-0.11298986839126245
-0.034449981606626295
-0.06288093212302928
-0.08165552396682806
-0.05430616559816933
-0.09790172453428461
-0.07036152739664889
-0.03159443200385851
-0.053182830743316846
-0.054520535512622884
-0.06296018385505309
-0.09980810490768162
-0.016263546378407583
-0.07825302439517126
-0.0814286808646513
-0.07567037867696608
-0.12301373370625505
-0.11892425562459552
-0.07118373747393973
-0.07533137804278985
-0.0841122203151722
-0.10306361715125054
-0.07211646400503563
-0.12988757740391307
-0.01634606298353745
-0.0360629417128546
-0.05729602194918221
-0.1024472630167296
-0.062180489135899915
-0.047802691802156065
-0.08252391154760966
-0.140996574498726
-0.08314526721087905
-0.11227486805189475
-0.07465157420109801
-0.09931741467567645
-0.06598734658555738
-0.0329670556717514
-0.07423231056708018
-0.06597316217398828
-0.08310517116529292
-0.06132329760782724
-0.09188272506193633
-0.05760766306517755
-0.04747173371169151
-0.03708904391181874
-0.11618137921260047
-0.0209144155821843
-0.07186756911122881
-0.07478783833783852
-0.023558113737762395
-0.07649565421767965
-0.09697556293696424
-0.09445277436648176
-0.08985141151287114
-0.07476991072369758
-0.04237112274448396
-0.02828911483793704
-0.040839258160522175
-0.07390668086639446
-0.07586193128081657
-0.11169164105635276
-0.07670176244608454
-0.0803492088332922
-0.0022775200074307677
-0.051803042895344244
-0.06794786032434029
-0.11034846559330225
-0.06960832336410447
-0.052169619726416094
-0.06011534544928924
-0.08286146027559707
-0.04577301123768958
-0.03481098253077807
-0.034597015907845696
-0.04553547401902914
-0.03540857563538278
-0.08879752053379629
-0.09902967121217104
-0.1090510056265198
-0.04882196248415843
-0.04313856070355411
0.007143944439543469
-0.08724832462576193
-0.08456072931263467
-0.013096558315233053
-0.08793542256861007
-0.08030446478852354
-0.04740734132491344
-0.05956285794745745
-0.08012389152670835
-0.07836953814657523
-0.04472900226307998
-0.12262507431871292
-0.06821876353722882
-0.08092386310629812
-0.0357875448244963
-0.049285465762508085
-0.0851686138238113
-0.0606372991008781