-0.04007594882135296,-0.046496530959290315
-0.02904609473708463,-0.03767143309752556
-0.02223207104893977,0.013403737288837026
0.007700452715581455,-0.010939027507290288
-0.00949724310724062,-0.015674973883817646
-0.01856050941950885,-0.014378858423834028
-0.015879842967997215,-0.00609375962596748
0.043483293460505515,-0.0021436285741544834
0.043077203199881765,0.014324417767842686
-0.025607601873583928,0.042401817918657596
0.00837064368491678,-0.00628891039329223
0.027244717065703444,0.02840244884858096
-0.030677490866081635,0.043863498683777306
0.00512492813464194,0.014243117496578752
-0.02253882534425955,0.03126340527373862
-0.014327049864513223,-0.018234414062666245
-0.026729687841679877,-0.04606605581097074
-0.005571301428739463,-0.007584500213524636
-0.02355827367220229,0.02631836848694535
-0.046743113478295656,0.0361529854161528
0.039882542217965215,0.009033888265316177
-0.0022696538593168663,-1.1053891372711153E-4
-0.03555795371773792,-0.03299529313922349
0.024836131138573393,-0.03360720732625855
-0.015234448186519256,-0.025977414149792783
0.02715155361334874,0.0032693213466648482
0.0358430271067542,-0.030133189654756354
0.03330572931184385,-0.020410915189964282
-0.00364724708944909,0.012636616542284818
0.03101645523982364,0.01573094135850892
0.035104226943678284,-0.008627444971832397
-0.03234136679139939,0.009727066392896349
0.004714515742871668,-0.011049255784178173
-0.01037067657461339,-0.04288658706306244
-0.037995840368662874,-0.042037212014050876
-0.02474043289957189,-0.0454783920632683
-0.03361435980432267,-0.03609437285480119
-0.041760828841522116,0.010246952728118588
0.029421064888916583,-0.0013471962970381458
0.03861477296211165,0.001334521833499844
0.03429680513131928,-2.4162738439359563E-4
0.04051160436792053,-0.02476939871909436
-0.027652128930118352,-0.014652172606995422
-0.02414000280525319,0.038255211736648954
-0.008348582220690503,0.021693362455203733
0.006996189349945869,-0.02146677917560617
-0.009131581104183741,0.036498718880710206
0.018927418917510555,-0.005396441415764607
-0.019848463644071904,0.02564571486657213
0.045886248773500185,0.021394362602485957
-0.03168898123110001,-0.026968603201427244
0.028576160944705033,-0.033931308247603625
-0.0014390370643925588,-0.02082626369553445
0.03516686934807668,-0.0034196683518848284
0.03350332618057132,-0.04534958669753222
-0.016210393878764832,0.017541945557685307
-0.016455839853838427,-0.005784636390426082
-0.011276223148102563,-0.021974686862617554
-0.025779106094478806,-0.02456558073475337
-0.023777048135499676,0.0024987453679117793
0.0074953268278517855,0.02029549300501457
0.010541547852456595,0.03026276687208454
-0.03568022997491053,0.017758807428848025
0.022727710866986408,-0.041691181154803206
-0.04250473213167347,-0.030577760192925314
-0.02498178831968107,0.01134865095015312
-0.019531219082425822,0.005520348799962405
-0.002306229031536796,0.04083892634774077
0.03387555915651965,-0.04140321441250127
-0.03738258804431657,0.042215417748479526
-0.04546077164584817,0.0426244027849265
0.008268876603140149,0.016781931431827414
0.03408396530955319,0.03574375382790651
0.01613363760614635,0.010832970172183189
-0.024295114453652466,-0.02502419705947295
-0.014902407059166158,-0.01680193103135384
-0.042421193754312116,-0.04159606752683135
0.0071207088880614,-0.022978445885193852
-0.05148361896418095,8.271932688800036E-4
0.0026305535572756877,-0.013053846470708539
0.04183630883067885,-0.025408562570586775
-0.045871949729547654,0.031527808462259554
0.004345567588535496,0.028620801306109084
0.036076439887209794,-0.014160596093318562
-0.012945782067393032,0.012120010432420555
-0.008977985116663253,-0.003633311508005327
-0.019548684711389465,-0.027253619389824728
-0.040211821556798935,-0.005177668792269002
0.04226155154678898,-0.04304811266000241
0.015175154303458916,-0.024717688884639648
-0.031081057339524962,-0.029840396969944786
0.021933473422141126,0.009277407569104815
-0.021213481657287047,-0.0435664671751819
-0.03454901951150195,0.024476964653864598
-0.001228807947949315,-0.025628477480466295
-0.01822849068741363,-0.03065554793536451
0.013215002565643733,-0.03400282332529994
0.025806642503121417,0.026338290160184186
0.007664556477401902,0.006315072581913843
0.017135412057564147,0.03458909496231027
0.0366508654717088,-0.0011396569248336877
-0.019931741532163927,0.03115562699711855
0.03342715547332935,-0.024690007122390552
-0.02021559931232182,-0.048257423356844666
0.02707060048338199,0.03370034756596484
-6.683782473930798E-4,0.024403960052286965
0.01794290784111464,0.014383742374247423
-0.002318033871901222,0.017751638885299858
-0.014422856197831459,-0.006061582469876368
0.00438592665358844,0.034411533189657874
0.02855954963028439,-0.0023271512850359327
0.036607327166882926,-0.041853214286983596
-0.01365523353619332,-0.01920045249129078
0.01798331622688385,-0.026779996931542347
0.027566586148017002,0.007915133551200016
-0.0017385279760249754,0.013604696527946263
-0.035431307871146935,0.03890245729405492
-0.017548238138061098,0.04544147008040905
-0.04389793487234353,-0.014231124192116515
0.009046674767030005,0.027126345299034633
0.023553110089435638,0.0039475554649091825
0.01149506461213142,0.03199702842056874
0.03929184571221636,-0.026139069364943982
-0.03323413987820954,0.018336432114835505
0.02670722432790864,0.023926808194393252
-0.010059695572653751,0.017847140435351055
0.007448962443782129,-0.012579279883239532
-0.04303949404640544,8.581255352658772E-4
0.03713140089848004,-0.007173038589865234
-0.028647163208227265,0.01808086282001818
0.031885916684363566,0.02374195199954169
0.04154995962506683,0.025688181535045852
-0.029961099262543936,0.03583633340211618
0.0026478932147708384,0.010359408571447865
-0.007028426427622852,0.03998753881812677
0.03283005119585341,0.03575658083428805
0.02101196731909093,0.004244710390052235
-0.011227995995049332,0.005663689584686038
0.03884051443222154,0.04055028878443757
0.015150039385822371,-0.03960664205926204
0.03381450626393662,0.005706244787956425
0.04457624464020489,0.04067818384766581
0.008536897607465701,-0.0069924188201583885
0.018681473270175965,-0.008812753648649608
-0.004481183612853046,0.040849159266600495
-0.004155800262650947,-0.04136153208812749
-0.0416210799856622,0.03426355622339898
0.013818501590298678,-0.006198191661122382
0.04669351835816487,0.00631399829881991
0.022493042047187994,0.011390944233116028
-0.04508153462292925,0.014685181666585665
6.819559204667974E-4,0.006541828155826993
-0.003543557563462168,-0.029361168013581622
-0.03640650474333847,0.00930164769862178
-0.03745436982599731,0.039835688850127525
0.0033935951249826125,-0.04072955357971501
-0.0437127451242011,0.030652849508514362
-0.03078211172534457,-0.035317067926354785
0.03149389247601848,-0.014697228975132337
0.04410343525055304,-0.015196241033879714
-0.03563404722111275,0.04134303869600357
-0.030179059365453783,0.019275746696525122
0.01633679449930005,-0.014794657450927671
0.004156410710598003,0.020572304650154537
0.03215040890385929,-0.043223237356559856
-0.0036044051152874816,0.016498047301417084
0.013969572848735741,0.027634787277512604
-0.04114518441426813,-0.012398238071760166
0.024034875544755845,-0.03771017202052973
0.007550161411367763,0.009368093184294293
0.019165296008067247,-0.04567976045740862
-0.008682748378655916,-0.021253036274400627
-0.04011714308231051,0.0188798798329396
-0.008808765189116092,0.031997440406110064
-0.040778854746844964,-0.03141064802123807
0.022601036060262033,0.037390494632740835
-0.038735460049823735,-0.009357014582627
-0.006496338621684181,-0.04679236171555223
-0.02385126141314218,-0.002902386897020595
0.04893492710379354,0.0018469055288782492
-0.022509038742761764,-0.022753357814130234
0.038698959533830554,0.002358331984835067
0.034955647946042466,-0.039996036162328295
-0.01479634802020017,-0.017053475596806002
0.02246660470594454,0.015614229599727542
0.018557563250162154,-0.03700549652397783
-0.018457145794452675,-0.040895890157336634
-0.022407356431748085,-0.0226975169302822
-0.0012304558251035364,0.03843097520905278
-0.01551447592978408,0.014378334440032146
0.008265534640988687,-0.009743674467145916
-0.02515950858127842,-0.011848756378706863
-0.007425583799388341,0.04309867368714473
0.0374917084518536,0.02183964808084076
-0.01849627592795011,0.03934827231136451
-0.01844937692410858,0.03393948567541233
-0.021087772422358615,0.04201722942234746
-0.010000295033999998,-0.018915269795262545
-0.02126803365226821,0.021443691308158982
0.011742692233092152,0.03469156797970154
0.018521875096866924,-0.04297878158002222
0.0354542800693418,0.01241853180221613
0.006054660773575726,-4.8707761339337254E-4
0.008038767782999308,-0.026570142367366118
-0.00739402224016829,0.029396392835446785
0.0436540545026057,0.031088831327181498
-0.020488942107031578,0.041945785117772534
-0.0438712917305805,-0.020098751523100828
0.004428765977113165,0.03978359854225796
0.0011721384503971782,0.004636648392984005
0.03768602609808248,-3.257814468165701E-4
0.019935116370038596,-0.0414080641785522
0.010910890381441513,0.02025683124290013
0.01337104437236732,0.014376958904755013
0.029459708370860732,-0.021250046428466868
0.023587759908224107,-0.012109687886921143
0.03885540959365169,0.012573777935228651
-0.03710807797292198,0.010340930724445656
-0.02377848760224095,-0.019313201981025204
0.0019113973726127057,-0.03758112248779091
0.006292411083928697,-0.01409243384847206
0.025922353234577193,0.02017846667444855
0.0029668080822601566,0.014060273105251512
-0.029576122501441447,0.047296378186974464
0.03523123364092124,0.040310688385836804
-0.03877389718197954,0.03740195836009388
-0.015109542840800919,0.0033312000940429417
0.031006795970419207,-0.0011383915614548768
0.013044667183826601,-0.04281107549232123
0.019154396111519156,-0.03171121998195623
0.0012068658341994037,0.02273831275419515
-0.04608535409771123,-0.03452563946017435
-0.013441586916300676,0.02118015276584941
-0.038192583394010805,-0.02252418179979933
-0.0176913147719699,0.013380721003918624
-0.027327282951826588,0.032290768707234546
0.01706130291296592,0.03506714463390104
0.030811189593967305,0.012598798328587237
-0.03032429560391696,0.009491668805348576
-0.04503202216080278,0.016338133592156523
0.004528621749174349,-0.04337714637841099
-0.042077134794272615,-0.00796814999611374
0.0195262178497623,0.016037448604795092
0.03296262583917589,0.02170159170087814
0.03725971231086174,0.0022187437340406117
-0.034538314095716595,0.03506809797574559
-0.007089479143419199,0.011844496800214745
-0.026011160838499747,0.031258442395919586
-0.03350862667273383,-0.038400967281549535
0.023064644782822195,-0.029598981025241923
-0.01722370699939607,0.02327172495501445
-0.02001704221701315,0.034388664821116015
0.03215584417017328,0.005458591570585045
0.04580323266345508,-0.02919541587561677
0.022799243998849788,-0.019445826123907908
-0.03253733722007686,-0.032149289396996114
