-19.00910925325432
10.899235682580985
48.039820008676365
54.74107838173173
310.2499482106546
-23.32017612952959
-24.42378849065548
39.50612177099381
-24.123070184900296
-46.82148822967377
2.8340001567135147
-402.23063948414466
48.802881176164924
14.9630294292639
27.1633010734748
3070.3527019478843
-36.26566687207026
8.842115470782732
52.154735591849665
-50.91709219688511
-9.11918637754762
18.67832105938252
19.353699921883962
294.11676056679914
44.09424006036608
100.50144237294246
5.26614017912051
900.4158114267146
2.216622989459612
50.02446649090958
-17.070280495461343
49.434355450093896
5.399683100706021
48.6710119027598
51.12802460873515
54.49805550630068
504.9460605182749
-9.705241849411676
192.0
