-19.507182743842524
11.029404810687513
48.25447723771835
53.451096017535896
318.2014023854168
-23.856569218137324
-24.973452020642213
38.04597243508385
-24.99331813242338
-46.888389599856225
2.6671949319441928
-400.0766256368872
49.04811486429994
14.678219188722979
27.124162181788297
29549.374085022275
-36.67599754700424
8.634784132213383
54.29824567012551
-52.971252073177915
-11.051143248592737
17.94642905790637
20.573896809809114
294.3459584293382
44.19733667641948
100.48443113212019
5.085408399910458
900.5505570861174
2.0470033136429655
52.819291508435455
-16.63612624075047
47.716217937282266
5.2560905082476665
48.90475025298461
48.013744290352776
53.709768260373934
502.3122074060384
-9.57753028090799
300.0